52286
52288
52289
52290
52291
52292
52294
52296
52302
52303
52304
52308
52309
52314
52318
52323
52324
52325
52326
52327
52343
52346
52347
52348
52349
52357
52359
52360
52361
52367
52369
52393
52394
52414
52424
52432
52444
52447
52449
52462
52463
52472
52482
52495
52518
52519
52520
52521
52522
52538
52539
52540
52558
52575
52576
52579
52580
52584
52585
52592
52593
52594
52595
52596
52611
52614
52615
52617
52623
52624
52625
52626
52638
52649
52651
52653
52660
52661
52682
52690
52692
52704
52718
52721
52755
52811
52815
52846
52887
52888
53046
53049
53284
53287
53293
53312
53370
53376
53407
53452
53468
53742
53744