47289 1128868.896159
47291 1086875.916996
47293 1082554.005386
47306 949729.001468
47310 985955.801321
47313 894564.101130
47314 847879.624019
47315 810076.891603
47316 800273.014851
47333 852210.238913
47334 871420.925320
47352 780152.272316
47357 728086.540382
47360 726708.330938
47363 689926.231047
47376 932428.187238
47377 881478.474126
47378 834671.639667
47379 730067.439348
47380 770288.210826
47381 722126.214482
47382 624022.386454
47391 950987.319436
47393 864638.916667
47394 884247.646778
47395 871433.435931
47396 837410.178453
47440 960996.380913
47454 912799.597953
47457 811590.222532
47458 803314.845044
47459 760702.405405
47461 735828.605868
47462 705816.191458
47463 670190.650494
47464 667202.094151
47474 1050727.418182
47478 874354.885096
47480 671174.754658
47481 671470.188830
47482 679628.368595
47484 686379.419355
47485 577143.324921
47489 600671.365000
47491 552944.866224
47492 516704.087786
47494 513170.082228
47495 494004.417768
47497 480789.745614
47501 1123651.019151
47502 1010161.972497
47503 928430.880235
47506 836456.249651
47507 751157.067297
47509 770544.572474
47513 1457339.637014
47514 1123740.251814
47516 1041512.913741
47517 920580.812254
47519 873277.667526
47521 801970.530956
47522 760872.787928
47524 738956.922621
47525 711956.960100
47540 998311.458507
47547 839033.195584
47549 809696.778463
47552 789449.230261
47557 1489050.348777
47568 1012925.678279
47582 1488885.448295
47588 1468601.485551
47601 1217141.054464
47619 1052442.346154
47628 1053263.056290
47634 1019182.390725
47635 956927.412735
47636 896427.374506
47637 900744.003881
47638 861185.415385
47650 1533790.934276
47657 1402462.638298
47658 1281655.588897
47659 1077556.829577
47661 1141894.199412
47662 1050758.602954
47664 1112197.080443
47666 875147.762774
47667 915196.789229
47714 1658308.792957
47715 1390791.111498
47716 1334665.655325
47719 1290279.085903
47720 1254470.593087
47721 1165918.063636
47722 1107768.990145
47723 1060810.018753
47724 1043788.345611
47725 998813.238806
47726 960825.697597
47727 945941.685185
47730 799160.525338
47732 871756.839068
47733 832674.533703
47783 1151724.945783
47791 1107388.234644
47810 1136275.714875
47824 1007586.640123
47831 1023537.884540
47834 1014962.963666
47836 991513.006258
47852 845209.969754
47856 939727.282250
47869 841184.081197
47873 907079.163714
47889 1437373.497765
47890 1380381.933559
47892 1332498.043466
47893 1146011.991552
47940 1638707.854093
47944 1438229.240469
47946 1163911.105341
47972 804436.638806
47973 744542.049587
47975 737455.254995
47976 707874.975956
47977 590695.554268
47978 664358.341317
47979 651677.059346
47982 636959.165179
47999 1225990.041012
48001 1198762.808808
48002 1257246.156805
48008 1031278.229651
48011 1005451.069767
48023 878281.454988
48073 1130538.990659
48076 1091523.267084
48079 893095.788280
48082 914415.173599
48084 939110.708784
48085 880615.735294
48086 860921.883929
48088 1256575.801328
48089 1063711.160189
48097 846930.902284
48099 824370.796053
48166 874619.368421
48172 1277241.349248
48179 863056.490272
48181 888528.553532
48185 852249.968235
48230 1296653.891534
48233 1094657.297342
48236 999875.597007
48237 961515.688961
48238 868413.588501
48239 836706.351656
48240 855946.036525
48244 836541.749593
48245 819271.353519
48246 808018.692717
48253 1157884.705329
48255 1057004.836475
48256 981729.895175
48257 915931.461794
48258 868827.839956
48259 840811.795394
48260 798684.228255
48261 770882.822715
48262 746855.928453
48263 723959.253451
48265 703136.581949
48290 1048999.602041
48291 994236.584337
48293 921601.579255
48294 938090.621488
48295 815161.985309
48307 928059.320872
48312 989815.667538
48313 929660.080000
48318 852001.107595
48320 815255.241481
48323 802840.379425
48324 746311.694812
48325 736804.224071
48326 718203.855169
48327 461202.031008
48336 1056401.703529
48337 1079488.424157
48341 1010316.724359
48342 994627.070914
48343 891600.649813
48346 868744.054144
48347 914881.141775
48348 843029.540839
48349 859224.084211
48352 808654.560560
48356 1146437.397253
48358 984187.237514
48359 936408.116639
48366 820434.631025
48367 784206.246674
48368 769475.745979
48369 750072.196452
48398 1129187.941379
48409 970113.568812
48410 922172.503523
48412 885386.018252
48416 883460.254707
48417 810584.903047
48418 712548.000000
48421 769502.061005
48423 774489.495833
48455 1286351.107301
48456 1209382.464481
48461 1058299.990039
48462 983907.014448
48463 962112.603388
48469 906475.606566
48471 891073.551444
48510 1378954.021309
48511 1417209.635200
48512 1313111.085161
48513 1286689.960221
48514 1166504.767402
48516 1199166.921225
48518 1170257.696887
48519 1145122.644793
48520 1089312.728027
48521 1073049.139178
48522 1043191.689903
48527 837587.562654
48529 994505.351425
48530 944626.115299
48531 944648.228682
48532 901829.181918
48533 913145.488154
48635 1251572.339530
48636 1196311.968992
48639 1116090.521343
48640 1050448.606094
48645 965050.147443
48656 822773.380223
48657 924702.656285
48658 887560.200986
48660 857931.266768
48701 1383873.172681
48706 1818176.019139
48720 1216373.025748
48721 1083036.335294
48722 1058039.007199
48725 929873.388566
48726 880169.976321
48727 850251.001099
48731 1752312.730532
48732 1441324.937838
48734 1401061.834109
48735 1218032.808068
48742 1060824.611940
48743 1040695.106080
48745 858984.248366
48746 882362.972561
48801 1288916.060519
48803 1153557.795082
48805 985255.672858
48806 1018210.126027
48807 1005707.752183
48810 907129.683250
48812 861211.070143
48813 715416.964156
48814 763777.991448
48824 1749081.834586
48826 794723.996745
48828 1149328.852294
48829 1073625.934659
48832 990446.158533
48836 865984.927657
48838 805928.855395
48839 776139.175476
48863 1471571.229126
48864 1348861.422792
48865 1271598.732085
48867 1144987.359055
48883 1660190.997835
48885 1497928.981873
48888 1384786.193495
48891 1215636.956438
48892 1152424.332884
48893 1120158.962357
48894 1090783.358796
48895 1078620.504680
48897 1017177.855000
48899 959994.241680
48900 913821.678726
48901 761128.135878
48902 871270.684345
48903 813253.381176
48935 1809560.623361
48938 1422130.727385
48940 1311272.273810
48943 1178144.365881
48946 1063978.067416
48947 1008626.703846
48949 934343.317741
48951 812136.659817
48952 800203.815336
48971 1837433.889441
48982 1349199.018256
48983 1243644.749698
48984 1026323.347964
48985 1100597.504841
48986 891695.927778
48987 886807.519366
48988 939625.903392
48989 877209.156570
48990 807542.279497
48991 778739.069358
49019 1694249.530108
49023 936324.550253
49026 1297441.359098
49027 1262304.134579
49029 1223891.898305
49030 1231153.898667
49031 1137382.738845
49033 381198.616129
49034 326152.980198
49035 286037.155727
49038 302978.523857
49042 299787.174288
49043 285142.246175
49045 245728.830530
49048 235160.133929
49053 236219.815047
49054 242305.613519
49057 1537310.448893
49059 1298020.495327
49060 1379091.404187
49061 1181546.774050
49062 1067652.786421
49063 1040676.579013
49064 908254.568956
49065 897453.711634
49066 827222.737920
49067 849619.973669
49068 782900.489320
49069 800967.340410
49070 736050.182253
49071 699447.485316
49072 707652.446402
49073 712303.771784
49098 1599007.220779
49099 1594797.850901
49100 1478510.351588
49110 1184161.671290
49111 1067704.057478
49113 938799.371111
49114 893290.787879
49116 893068.477041
49117 857782.839157
49118 819975.980462
49121 1792680.758950
49125 1395826.188299
49126 1193162.136986
49127 1177699.588186
49128 1032943.373921
49132 942855.661475
49133 910159.947321
49134 886424.301331
49135 798629.449772
49136 806061.458403
49137 759552.160977
49138 713183.369403
49139 686288.376387
49140 685910.237206
49141 636998.272985
49142 640308.424229
49143 623283.854133
49148 611807.985472
49157 558192.664885
49158 506390.589106
49159 521793.341474
49165 465836.712107
49168 504713.981687
49217 1739506.162815
49218 1613806.638258
49219 1331585.761918
49224 1172894.173175
49226 1145604.358127
49227 1046259.403598
49228 981230.738117
49229 967865.523440
49230 925200.769137
49232 884213.240346
49233 852827.834951
49240 1755650.879645
49241 1595180.118494
49244 1376426.471192
49245 1219954.539429
49247 1223791.395368
49248 1132916.832222
49249 992216.616322
49250 954187.537556
49251 943220.929461
49253 917508.940852
49254 832134.572407
49262 1079896.349367
49263 1020328.160384
49264 1036047.760643
49265 952410.180472
49266 839836.208649
49267 868440.333425
49268 795389.509225
49270 797597.915559
49307 1262036.639699
49308 1094000.592221
49309 1086527.303509
49310 1103045.280642
49311 1085042.880102
49312 1052115.654241
49313 907905.262697
49314 984715.490367
49316 882554.921992
49317 755785.855346
49324 1496846.477662
49329 1026989.752423
49330 1037744.724182
49331 1015545.371223
49337 1575085.239900
49339 1363836.203837
49340 1345725.992625
49341 1294668.928571
49342 1177097.053123
49345 1038684.327055
49346 1069799.370826
49347 876242.413613
49348 952212.842351
49349 963143.746568
49351 907033.177539
49352 879580.317028
49353 863660.114056
49356 1817691.534884
49358 1435334.837902
49359 1246855.633103
49360 1141412.649367
49361 1114901.667597
49362 1045852.133005
49365 917279.575136
49366 910842.220629
49367 863491.459774
49368 769883.843215
49369 752483.947170
49373 1543854.175544
49374 1402319.129327
49376 1291317.852878
49377 1109733.012862
49378 1221295.574238
49379 1027068.647826
49380 1121389.421583
49381 1084277.339798
49382 1051014.211325
49383 1006432.618197
49384 980089.828067
49385 886444.284701
49390 688717.569375
49432 1421330.064915
49433 1279480.611820
49434 1158002.218550
49435 1030423.385916
49437 903534.466565
49438 971978.495283
49439 869444.461300
49440 898589.445008
49445 1714275.698765
49446 1587422.311438
49447 1436784.088091
49448 1281881.865482
49449 1054047.947581
49451 1186175.909434
49452 1123854.635834
49453 1085978.292890
49454 1034685.976608
49455 930287.807980
49456 1025234.609925
49457 926853.060910
49464 1775218.506649
49466 1558024.427435
49468 1370695.026549
49652 1622838.308197
49653 1811162.415909
49655 1579080.907099
49656 1358728.014870
49657 1324697.326923
49658 1207658.160569
49659 1266191.181818
49660 1206875.322870
49661 1173950.324820
49662 1111193.585118
49664 1091154.377678
49665 1096895.172347
49666 900506.261728
49736 1388031.027778
49737 1453805.453447
49742 1304440.705882
49743 1276232.293779
49749 1105178.421680
49751 1013865.578007
49752 963299.745955
49756 2020620.252991
49758 1857355.042869
49760 1480847.352006
49761 1291975.789157
49762 1371829.808108
49763 1448648.157861
49910 2205569.714751
49914 1586099.318025
49919 1478963.562085
49921 1485349.737752
49922 1406958.075314
49923 1324496.125532
49925 1140287.188279
49926 1190548.413572
49928 1087856.983923
49930 1104889.195783
49932 1110532.409202
49934 1090528.918005
49959 1645888.427492
49960 1536596.720779
49961 1491089.862891
49962 1386520.853376
49964 1360094.238318
49965 1316589.530315
49966 1321901.597210
49967 1233969.832069
49968 1238090.944722
49969 1153699.612653
49970 1061230.990492
50033 1821885.098684
50034 1429424.461005
50036 1351958.384828
50045 1121878.059019
50046 983227.507909
50047 998699.456790
50048 997699.110856
50067 1602585.724500
50068 1564538.571560
50070 1461904.022191
50073 1372319.133536
50074 1116442.934316
50075 1290530.082821
50076 1064749.601266
50232 1322149.800724
50253 1138002.900722
50262 1171431.394949
50283 1057758.805371
50313 969000.112473
50330 948420.006528
50343 921204.915690
50356 849985.732240
50376 871588.198723
50377 838338.573730
50380 798785.002299
50417 540603.945032
50424 572077.349191
50463 1338298.527458
50464 1219816.593689
50465 1076731.489632
50466 979376.760241
50467 904278.361001
50468 896418.765574
50470 875222.286285
50471 803232.030151
50483 833462.541534
50491 1396188.418811
50492 1312427.711377
50493 1225917.103213
50496 1177053.093681
50497 1078463.084835
50500 991572.357447
50501 941135.768160
50520 1239282.684039
50522 1142939.151198
50526 1159141.445988
50527 1075204.764613
50528 1075016.471607
50529 1061466.646581
50530 994303.920398
50531 945676.176966
50535 982117.614286
50536 984413.809294
50545 1665203.361326
50546 1488678.574144
50548 1431167.048964
50549 1285862.713247
50550 1258132.178258
50551 1202818.461765
50552 1131705.321597
50553 1014028.675676
50554 1019773.925382
50558 1852601.025882
50560 1500485.929321
50561 1380000.654506
50562 1365820.812846
50563 1233690.063584
50564 1155745.308889
50565 1229789.196216
50569 1165965.692817
50570 1116951.287688
50596 1874404.814103
50597 1503695.904505
50598 1439402.910377
50599 1389601.884312
50600 1316236.950181
50601 1238660.171260
50602 1223861.448032
50603 1132322.323505
50604 1000855.826733
50605 1038333.197195
50606 1012099.712077
50607 955752.875000
50613 1868715.800127
50614 1604063.387316
50615 1461361.007587
50616 1418515.349585
50617 1349452.781414
50650 1234999.418301
50654 1244332.955977
50655 1117519.660245
50656 1123857.931909
50658 1070701.076923
50660 938917.364250
50661 896786.615625
50662 938174.249224
50663 930490.021434
50664 923042.406386
50665 904489.048673
50666 900357.778061
50667 872676.884934
50668 838684.221157
50669 809685.747363
50670 719648.687783
50671 769235.092346
50672 657483.729904
50673 729293.178767
50674 697280.127787
50675 692017.536868
50676 658891.906593
50677 649026.563107
50679 671912.235387
50853 1165994.392557
50854 1018329.137026
50857 1035887.344711
50862 896638.806812
50863 867912.667391
50874 1376498.947992
50875 1292376.775107
50876 1288618.302308
50885 1833962.874564
50886 1720717.664109
50887 1586263.296680
50889 1416631.421384
50897 1294547.600000
50962 1212411.373404
50965 1241112.658098
50969 1189323.990686
50973 1164588.971603
50981 1097262.103008
50987 1003018.891856
50992 989049.665877
50996 928633.913120
51002 808133.820604
51008 855607.819805
51012 854896.904728
51015 863116.292235
51093 1807525.631746
51095 497671.163399
51109 289191.260759
51152 1324457.482871
51154 1253740.252149
51159 1131952.824854
51160 992558.800621
51161 878463.660932
51162 765822.380259
51163 685544.472973
51165 676119.732039
51166 653693.124700
51167 681826.780692
51171 1761715.282203
51172 1627453.678679
51175 1333326.875804
51176 1297218.578327
51177 1199318.475884
51178 1149319.951814
51179 948625.727869
51181 894696.160225
51182 795280.836518
51183 803006.543103
51188 906369.794802
51200 1381442.100310
51201 1194612.758078
51202 1118249.796610
51206 1036775.065976
51208 982350.257610
51209 925518.240785
51210 883715.895363
51211 850314.358591
51212 810621.249611
51213 740017.915367
51214 751080.609195
51215 750611.844185
51217 730648.746114
51220 1779779.541276
51222 1335371.064830
51225 1044462.264352
51226 1034610.035032
51228 915785.836887
51229 830708.431853
51230 741670.591710
51234 1728729.761746
51236 1137947.334465
51237 1060941.026233
51274 526476.054255
51277 456649.842309
51279 412328.170907
51281 387731.003537
51282 361236.826896
51283 338937.196126
51284 320498.793866
51285 307921.522546
51286 302728.958453
51297 451500.335932
51298 407706.974488
51300 371896.308330
51301 348846.829164
51334 492474.071875
51335 532302.016433
51336 482646.508584
51337 452793.360231
51338 409041.722775
51339 377582.504986
51370 47715.636462
51374 58824.936204
51395 313506.661049
51396 306543.397919
51487 455165.837083
51490 398534.449678
51491 368124.795114
51492 344451.245868
51493 334629.620262
51494 313688.093090
51495 299136.022727
51502 479018.452991
51504 439079.351583
51505 394540.532604
51506 364463.322259
51508 344696.720939
51509 317151.079262
51510 309544.374164
51511 294966.340538
51512 284118.145833
51517 533485.523311
51518 474312.922136
51520 394655.802502
51562 405239.129294
51563 383630.119002
51564 359351.539167
51565 337998.162863
51570 531521.428854
51572 476382.687562
51573 441801.738214
51574 401459.394140
51575 369050.025307
51576 332513.252607
51605 537641.969245
51607 461662.397351
51615 406226.248227
51616 375262.316435
51618 322800.741255
51619 307400.511298
51709 364341.782802
51710 343628.079171
51711 326384.770147
51713 292109.331551
51715 297684.550325
51716 292971.669323
51718 286388.453237
51719 275927.089021
51735 454180.426743
51736 414855.290202
51740 311437.193514
51741 324475.393243
51742 282696.127974
51753 268408.118333
51754 251712.924885
51777 462260.539246
51778 434433.061093
51824 480530.010050
51825 428875.935206
51826 379870.577895
51827 347620.316491
51830 285324.918956
51837 447689.294772
51838 351695.496746
51839 363976.023619
51841 290845.937695
51843 314598.924296
51854 255930.051392
51858 255594.425447
51860 256137.170248
51865 513085.635542
51874 425045.862588
51878 379079.228209
51881 355482.488333
51886 328252.352679
51900 248281.066370
51901 236633.560472
51902 237565.685116
51905 559610.936704
51906 473916.966676
51907 430299.595252
51908 349053.052839
51909 370301.704533
51914 566607.907466
51915 458851.229872
51921 394142.047183
51922 293576.788230
51924 309806.891583
51925 307726.237890
51927 296045.650391
51928 270719.092778
51929 261516.368611
51933 564456.365805
51934 531645.050898
51940 431112.421667
51941 371998.869243
51942 339571.608333
51943 368648.574834
51945 348511.672843
51946 333523.246907
51949 271325.414173
51950 267576.182331
51952 266108.687273
51953 284128.823913
51954 278926.999384
51955 272934.837775
51958 259290.376812
51960 264810.964733
51977 309188.519328
51978 282322.286174
51982 292553.698718
51983 231906.631380
51985 272552.068549
51986 252705.500549
51987 250737.646726
51988 238278.805999
51990 232634.615672
51997 437850.317256
51998 459850.768726
51999 425500.694226
52005 386138.507772
52015 361953.451774
52018 339230.075065
52019 323534.315436
52022 291020.224565
52025 583435.713592
52026 522486.719540
52027 459184.727349
52030 381116.960421
52032 343504.711864
52034 325144.166134
52035 324989.312723
52036 319254.443439
52037 312020.828017
52038 299557.036341
52043 436284.848535
52044 367532.797561
52045 377916.487441
52046 341200.975048
52047 310659.579561
52048 288705.043683
52049 240979.762945
52050 254982.643234
52052 245263.371859
52060 532119.121802
52062 454823.731299
52065 653635.467164
52067 540837.695000
52068 470558.947668
52069 457084.231718
52097 541312.632716
52099 493924.614194
52101 461347.805405
52102 437691.452331
52103 375321.783626
52104 383869.920679
52107 329489.005837
52108 306107.584816
52110 263046.709360
52111 290249.402659
52112 252495.997175
52144 362256.149390
52145 353363.662129
52146 339297.596956
52265 555250.878607
52266 525065.794193
52268 482338.728498
52269 430196.667870
52270 341470.405201
52271 358878.267371
52276 287610.878483
52278 309766.078801
52286 471896.394678
52287 403492.611497
52288 306797.035506
52289 328785.402162
52290 283690.891304
52291 314227.274489
52292 303205.004281
52294 306609.570248
52295 295140.404943
52296 296776.422581
52302 568019.570354
52303 519910.710963
52304 503497.056863
52308 454675.500000
52309 448284.308530
52314 405054.634146
52317 369419.752066
52318 365757.502020
52319 340484.098453
52323 318626.840213
52324 309450.616310
52325 296061.310759
52326 280738.121867
52327 281341.424528
52343 542912.740816
52344 465320.111319
52345 445915.706877
52346 392629.883651
52347 371469.329167
52348 347773.249769
52349 330630.998093
52357 278698.564477
52359 299344.770235
52360 280805.722707
52361 276361.585196
52365 509964.500139
52366 429634.054414
52367 376588.341463
52368 370739.381182
52369 381057.774366
52370 355267.560511
52371 330728.095000
52372 300337.436119
52378 267047.385593
52380 284401.762720
52381 249304.923228
52382 279005.882233
52391 452135.290888
52392 386768.905838
52393 352661.580986
52394 316819.025273
52395 331599.510823
52401 314362.758820
52402 287447.559036
52403 286180.252106
52405 276487.219153
52406 279547.680485
52410 532662.345094
52411 486383.958199
52412 431703.315076
52413 378627.785200
52414 354201.518272
52415 333595.501560
52417 320616.709677
52418 306842.230857
52419 303248.417346
52420 290442.910756
52421 275364.415686
52422 271019.033532
52423 260856.327273
52424 263300.977376
52431 552344.680347
52432 496959.310249
52433 450000.920965
52434 395174.170905
52436 373867.814735
52437 353120.578336
52438 337093.350292
52440 309253.577236
52441 310251.873403
52443 309341.857660
52444 302208.975000
52446 299778.675325
52447 295999.372937
52449 283895.387569
52452 515498.419862
52453 453082.078918
52454 430855.417697
52455 412400.984152
52456 391074.779579
52458 363069.072480
52459 334701.290884
52460 320692.298148
52461 315422.654948
52462 300551.759799
52463 292890.129873
52466 535549.833194
52467 430096.822321
52468 385176.983985
52469 342794.739130
52470 319674.919295
52471 310248.222183
52472 294939.925258
52474 285615.183259
52475 276357.821069
52481 347111.857143
52482 299084.111711
52484 268320.044487
52485 251357.693149
52486 231976.861998
52491 208248.853878
52492 201608.809579
52493 196270.876613
52494 185260.650332
52495 179505.164200
52508 451349.463415
52518 464103.098807
52519 408126.183481
52520 382410.475038
52521 364137.949455
52522 342319.299056
52538 311707.095395
52539 303954.673871
52540 289443.122825
52558 481909.696872
52575 350484.752996
52576 278754.508068
52579 276528.084287
52580 247337.223723
52581 260917.632688
52584 554508.929078
52585 498885.046083
52586 427727.297230
52592 368490.760918
52593 343277.146241
52594 318549.694737
52595 294695.230975
52596 303182.483137
52610 459884.074794
52611 426588.369960
52613 387997.905012
52614 368142.032821
52615 357345.794913
52616 346025.036995
52617 329729.497083
52618 317652.356371
52619 310624.699265
52623 532505.235865
52624 448228.445987
52625 355387.191625
52626 361618.862614
52627 335859.348418
52628 270098.035508
52629 298312.551220
52637 453139.338983
52638 378505.013376
52639 370311.235891
52640 338570.385663
52641 315013.115255
52642 294538.712634
52643 262058.814540
52649 473893.157880
52650 405275.035209
52651 368744.625919
52652 343647.696676
52656 294341.242063
52658 274458.412556
52659 293698.361519
52660 276762.744292
52661 275385.903297
52662 266047.133013
52664 245489.744493
52665 242434.852886
52677 404773.163759
52678 377599.667915
52679 339444.132908
52680 302535.815408
52682 265364.418079
52684 254361.461688
52685 226888.475113
52690 232095.372660
52691 225597.602230
52692 221028.232317
52702 482823.987700
52703 404028.748755
52704 371251.829630
52705 357273.280973
52706 336023.849209
52707 294722.883041
52717 489048.007496
52718 441225.488038
52719 415021.902948
52721 365384.954017
52724 279738.760408
52725 304225.665600
52726 301319.952196
52728 294600.945430
52747 442762.111901
52749 387582.551275
52751 340806.666112
52752 313381.200801
52753 292187.505582
52754 303120.878770
52755 282321.658577
52756 270889.653612
52760 474392.136313
52761 404877.291283
52777 565763.786840
52778 485908.076410
52779 424642.025341
52780 395009.719392
52781 361445.249654
52782 341423.125659
52783 328276.107335
52784 302616.396673
52785 311276.191625
52786 300579.242215
52805 396580.680507
52811 352422.161560
52813 344806.946519
52814 323346.196634
52815 306258.073272
52816 286062.217366
52819 266635.787770
52844 504799.353594
52845 458399.456921
52846 435929.432665
52847 419432.594460
52848 393033.531998
52849 374669.495699
52850 361710.722376
52851 350124.266925
52857 471409.343672
52858 392570.034851
52859 353196.350250
52873 421798.466981
52874 378583.844278
52875 355139.500357
52876 326697.320276
52877 301245.692597
52878 286976.274492
52879 253965.698031
52880 270538.862200
52881 263836.529006
52887 467326.051788
52888 405451.505460
52889 373996.284905
52890 330132.943647
52895 470934.139934
52896 418578.960630
52897 386283.275618
52898 363262.060377
52900 343231.506589
52901 338549.195426
52902 322272.799151
52905 537399.075980
52910 456772.408935
52911 426213.009151
52912 390513.810526
52917 369291.874838
53046 536080.863137
53047 471963.424393
53048 422095.119403
53049 361013.740686
53050 370889.491640
53053 344664.821976
53054 332841.445722
53055 310282.739648
53056 306547.073118
53057 271647.965054
53058 286226.457967
53059 292490.083024
53062 524841.993092
53064 418544.168627
53065 408930.835696
53066 350740.556293
53067 288861.648438
53068 305844.239046
53069 285169.284412
53070 280692.429272
53071 265937.816222
53073 259617.230578
53074 246618.524738
53076 249675.535047
53079 447241.578437
53081 362617.564095
53082 331656.880817
53165 484882.420862
53166 420479.056331
53167 394464.881657
53168 380341.577187
53169 359383.881473
53170 337216.412875
53171 320416.482673
53172 296662.201848
53174 294388.787840
53194 368059.223373
53195 348809.085541
53197 321794.470280
53198 314149.107623
53199 305058.196517
53200 285054.760995
53201 247664.790323
53202 262499.873763
53203 259738.001748
53204 254388.878689
53205 257151.818898
53210 492833.933508
53211 421030.163203
53212 386475.503806
53213 362663.148180
53216 342656.525437
53217 335263.855980
53218 326992.776871
53219 321490.991160
53220 301452.481841
53221 283020.743025
53223 281283.858471
53224 268031.271577
53225 275460.725765
53226 262184.443826
53227 260488.970588
53236 515685.450166
53237 429589.138071
53239 398935.907557
53240 369070.007488
53241 345081.608515
53242 319788.480144
53243 283942.128035
53244 294364.625963
53246 284280.187954
53247 274649.098110
53248 255201.673333
53249 264535.993634
53282 474376.650794
53287 414185.375723
53289 375341.808314
53290 351509.829284
53291 314419.364689
53292 262560.913295
53293 301696.181540
53296 267622.535176
53297 274588.678466
53299 259121.647026
53300 245032.128908
53301 243058.193916
53304 453870.150849
53305 352409.504162
53306 310459.892695
53307 278857.647548
53308 254864.699094
53309 250718.840389
53310 240069.649936
53311 222805.119071
53312 219368.008133
53313 214504.935915
53314 214002.765723
53315 209367.582447
53329 528255.209302
53330 486947.850440
53331 464762.319527
53332 402758.497359
53333 348767.856515
53334 285697.197468
53335 323720.944072
53336 308797.338333
53337 284281.735104
53338 271096.952448
53339 280999.593465
53340 271357.957516
53341 261382.147686
53342 246289.896923
53343 247804.546069
53346 447120.465174
53347 368224.838736
53348 340826.163462
53349 318879.228872
53350 301154.072652
53364 503591.589595
53365 421199.120642
53366 362761.723752
53367 341515.630861
53368 310191.211096
53369 261256.653361
53370 286401.224597
53373 269778.875000
53374 239033.996865
53375 248131.770178
53376 253602.004815
53377 207487.052805
53378 240416.638601
53379 246150.205401
53383 470367.658986
53385 390021.967018
53386 350764.252593
53387 318563.889878
53388 296077.436707
53389 275040.041028
53390 276225.463259
53391 266902.880668
53392 247266.753963
53393 249985.384279
53394 229373.345815
53397 233146.836530
53398 220909.240731
53403 438444.080300
53404 373624.806988
53405 337361.926023
53406 294469.057803
53407 302281.753261
53408 286090.012945
53409 272638.698048
53410 263831.374961
53411 252503.173942
53423 422126.965575
53424 359272.227723
53425 366048.006557
53426 345178.702027
53427 318462.232911
53428 301052.136644
53429 286552.266744
53435 269549.509720
53436 259138.919331
53450 365070.253055
53451 324490.977172
53452 315383.007772
53453 305876.358943
53454 287074.820657
53455 290357.658059
53456 278609.289350
53457 267781.025174
53464 422246.969478
53465 368465.480253
53466 350773.789876
53467 329826.813725
53468 313319.241734
53469 288590.634388
53470 281867.770860
53471 272852.400657
53472 263017.278009
53473 245739.449135
53474 241418.034247
53475 245192.289855
53482 416553.425010
53483 354936.781924
53488 319136.422131
53489 325918.333333
53490 306076.412892
53491 284263.896262
53492 273042.691206
53493 255913.704437
53494 249364.689377
53505 475190.386018
53510 395591.328505
53511 345239.790151
53512 329706.114641
53513 302628.919762
53514 291436.694828
53515 281020.867222
53516 268316.406499
53517 236300.399225
53518 252253.693204
53519 240445.714286
53520 236867.106312
53530 361962.637198
53531 297972.656485
53532 275296.161695
53533 271765.896503
53534 248218.615620
53536 226675.952249
53537 215131.406761
53538 216344.867052
53539 211352.958093
53540 209315.270054
53547 420314.944620
53550 342308.959223
53551 318331.146935
53552 315342.558347
53553 309210.033844
53554 305758.093765
53555 289191.414201
53556 284361.423883
53557 282671.115983
53558 274273.136906
53559 264088.090878
53571 432729.742650
53578 445757.377883
53579 368574.921045
53580 331983.710734
53581 300162.465367
53582 283968.870709
53583 269084.013111
53585 237144.230404
53586 249136.999169
53587 241535.600567
53590 455728.650424
53592 359549.534433
53593 321532.043949
53594 304736.679348
53595 285879.185206
53596 266543.904033
53600 254040.921162
53601 243770.509588
53603 234271.383663
53616 312320.925059
53617 280773.820296
53618 289482.505470
53619 282636.577345
53620 270901.324384
53622 239556.252119
53623 256812.669054
53624 243846.707023
53625 234825.137901
53630 504330.506903
53631 442836.096463
53632 405065.284301
53634 384097.759189
53636 383231.834541
53637 360832.930976
53638 354973.407438
53639 334964.710354
53640 326685.734702
53646 521292.581736
53647 481492.535769
53648 433831.719878
53649 394937.271739
53650 386860.070320
53651 387157.291111
53652 373590.921324
53667 328644.549335
53668 326854.745557
53669 310941.390022
53670 305411.139181
53671 293749.749462
53672 281445.233997
53673 231494.659211
53680 469918.399225
53681 401349.913502
53685 360364.847619
53686 327195.742134
53705 492975.680583
53706 422436.108108
53707 387646.905447
53708 353757.542857
53709 343485.177233
53710 315328.127993
53711 284903.203349
53712 288102.220133
53713 276089.011636
53714 263358.098749
53716 250006.230435
53717 254257.557895
53719 243088.178063
53720 226569.007371
53722 241308.442700
53723 236691.632184
53724 231636.050091
53735 472116.883430
53736 417332.536991
53737 391380.029671
53738 364542.585089
53739 341896.607887
53740 321849.018839
53741 286428.687671
53742 283579.838275
53743 305045.792997
53744 299564.325765
53752 497816.271464
53753 439627.651320
53754 413008.941511
53755 385211.764008
53756 363711.723906
53757 351139.599074
53758 345083.039281
53759 328150.708000
53761 301037.050019
53768 526967.234973
53769 468427.162256
53770 421621.167939
53771 400481.904749
53772 368211.400332
53773 350236.369268
53774 334228.618889
53775 318842.512292
53776 296236.726073
53780 540293.048623
53781 464564.555217
53782 421649.610471
53783 387815.673732
53784 377524.021341
53785 331896.794118
53786 354881.507347
53787 343128.777070
53788 328917.732297
53789 314748.186603
53790 315387.555740
53791 320924.820880
53793 310445.973903
53794 302553.426529
53795 297603.082798
53827 551220.567313
53828 478796.454293
53829 436996.074084
53830 403875.454719
53831 381535.910615
53832 375860.490854
53833 362191.770235
53834 351789.710286
53835 325598.883090
53836 338055.475116
53852 523646.109121
53853 470630.304475
53854 448449.949543
53855 415433.436149
53856 384319.702298
53857 385266.368098
53860 361937.504020
53861 347772.047143
53862 333112.826822
53864 317438.646814
