1 28 all 60 jet10 0 67
1 28 all 60 jet10 67 134
1 28 all 60 jet10 134 201
1 28 all 60 jet10 201 268
1 28 all 60 jet10 268 335
1 28 all 60 jet10 335 402
1 28 all 60 jet10 402 469
1 28 all 60 jet10 469 536
1 28 all 60 jet10 536 603
1 28 all 60 jet10 603 670
1 28 all 60 jet10 670 737
1 28 all 60 jet10 737 804
1 28 all 60 jet10 804 871
1 28 all 60 jet10 871 938
1 28 all 60 jet10 938 1005
1 28 all 60 jet10 1005 1072
1 28 all 60 jet10 1072 1139
1 28 all 60 jet10 1139 1206
1 28 all 60 jet10 1206 1273
1 28 all 60 jet10 1273 1340
1 28 all 60 jet10 1340 1407
1 28 all 60 jet10 1407 1474
1 28 all 60 jet10 1474 1541
1 28 all 60 jet10 1541 1608
1 28 all 60 jet10 1608 1675
1 28 all 60 jet10 1675 1742
1 28 all 60 jet10 1742 1809
1 28 all 60 jet10 1809 1876
1 28 all 60 jet10 1876 1943
1 28 all 60 jet10 1943 2010
1 28 all 60 jet10 2010 2077
1 28 all 60 jet10 2077 2144
1 28 all 60 jet10 2144 2211
1 28 all 60 jet10 2211 2278
1 28 all 60 jet10 2278 2345
1 28 all 60 jet10 2345 2412
1 28 all 60 jet10 2412 2479
1 28 all 60 jet10 2479 2546
1 28 all 60 jet10 2546 2613
1 28 all 60 jet10 2613 2680
1 28 all 60 jet10 2680 2747
1 28 all 60 jet10 2747 2814
1 28 all 60 jet10 2814 2881
1 28 all 60 jet10 2881 2948
1 28 all 60 jet10 2948 3015
1 28 all 60 jet10 3015 3082
1 28 all 60 jet10 3082 3149
1 28 all 60 jet10 3149 3216
1 28 all 60 jet10 3216 3283
1 28 all 60 jet10 3283 3334
1 28 all 60 jet30 0 67
1 28 all 60 jet30 67 134
1 28 all 60 jet30 134 201
1 28 all 60 jet30 201 268
1 28 all 60 jet30 268 335
1 28 all 60 jet30 335 402
1 28 all 60 jet30 402 469
1 28 all 60 jet30 469 536
1 28 all 60 jet30 536 603
1 28 all 60 jet30 603 670
1 28 all 60 jet30 670 737
1 28 all 60 jet30 737 804
1 28 all 60 jet30 804 871
1 28 all 60 jet30 871 938
1 28 all 60 jet30 938 1005
1 28 all 60 jet30 1005 1072
1 28 all 60 jet30 1072 1139
1 28 all 60 jet30 1139 1206
1 28 all 60 jet30 1206 1273
1 28 all 60 jet30 1273 1340
1 28 all 60 jet30 1340 1407
1 28 all 60 jet30 1407 1474
1 28 all 60 jet30 1474 1541
1 28 all 60 jet30 1541 1608
1 28 all 60 jet30 1608 1675
1 28 all 60 jet30 1675 1742
1 28 all 60 jet30 1742 1809
1 28 all 60 jet30 1809 1876
1 28 all 60 jet30 1876 1943
1 28 all 60 jet30 1943 2010
1 28 all 60 jet30 2010 2077
1 28 all 60 jet30 2077 2144
1 28 all 60 jet30 2144 2211
1 28 all 60 jet30 2211 2278
1 28 all 60 jet30 2278 2345
1 28 all 60 jet30 2345 2412
1 28 all 60 jet30 2412 2479
1 28 all 60 jet30 2479 2546
1 28 all 60 jet30 2546 2613
1 28 all 60 jet30 2613 2680
1 28 all 60 jet30 2680 2747
1 28 all 60 jet30 2747 2814
1 28 all 60 jet30 2814 2881
1 28 all 60 jet30 2881 2948
1 28 all 60 jet30 2948 3015
1 28 all 60 jet30 3015 3082
1 28 all 60 jet30 3082 3149
1 28 all 60 jet30 3149 3216
1 28 all 60 jet30 3216 3283
1 28 all 60 jet30 3283 3332
0 53018 all 60 none 0 0
0 53046 all 60 none 0 0
0 53079 all 60 none 0 0
0 53081 all 60 none 0 0
0 53195 all 60 none 0 0
0 53196 all 60 none 0 0
0 53513 all 60 none 0 0
0 53517 all 60 none 0 0
0 53530 all 60 none 0 0
0 53531 all 60 none 0 0
0 53532 all 60 none 0 0
0 53571 all 60 none 0 0
0 53586 all 60 none 0 0
0 53590 all 60 none 0 0