53018 dijet 10 100
53046 dijet 10 100
53079 dijet 10 100
53081 dijet 10 100
53195 dijet 10 100
53196 dijet 10 100
53513 dijet 10 100
53517 dijet 10 100
53530 dijet 10 100
53531 dijet 10 100
53532 dijet 10 100
53571 dijet 10 100
53586 dijet 10 100
53590 dijet 10 100
53018 efrac 10 100
53046 efrac 10 100
53079 efrac 10 100
53081 efrac 10 100
53195 efrac 10 100
53196 efrac 10 100
53513 efrac 10 100
53517 efrac 10 100
53530 efrac 10 100
53531 efrac 10 100
53532 efrac 10 100
53571 efrac 10 100
53586 efrac 10 100
53590 efrac 10 100
53018 dijet 20 100
53046 dijet 20 100
53079 dijet 20 100
53081 dijet 20 100
53195 dijet 20 100
53196 dijet 20 100
53513 dijet 20 100
53517 dijet 20 100
53530 dijet 20 100
53531 dijet 20 100
53532 dijet 20 100
53571 dijet 20 100
53586 dijet 20 100
53590 dijet 20 100
53018 efrac 20 100
53046 efrac 20 100
53079 efrac 20 100
53081 efrac 20 100
53195 efrac 20 100
53196 efrac 20 100
53513 efrac 20 100
53517 efrac 20 100
53530 efrac 20 100
53531 efrac 20 100
53532 efrac 20 100
53571 efrac 20 100
53586 efrac 20 100
53590 efrac 20 100
53018 dijet 10 10
53046 dijet 10 10
53079 dijet 10 10
53081 dijet 10 10
53195 dijet 10 10
53196 dijet 10 10
53513 dijet 10 10
53517 dijet 10 10
53530 dijet 10 10
53531 dijet 10 10
53532 dijet 10 10
53571 dijet 10 10
53586 dijet 10 10
53590 dijet 10 10
53018 efrac 10 10
53046 efrac 10 10
53079 efrac 10 10
53081 efrac 10 10
53195 efrac 10 10
53196 efrac 10 10
53513 efrac 10 10
53517 efrac 10 10
53530 efrac 10 10
53531 efrac 10 10
53532 efrac 10 10
53571 efrac 10 10
53586 efrac 10 10
53590 efrac 10 10
53018 dijet 20 20
53046 dijet 20 20
53079 dijet 20 20
53081 dijet 20 20
53195 dijet 20 20
53196 dijet 20 20
53513 dijet 20 20
53517 dijet 20 20
53530 dijet 20 20
53531 dijet 20 20
53532 dijet 20 20
53571 dijet 20 20
53586 dijet 20 20
53590 dijet 20 20
53018 efrac 20 20
53046 efrac 20 20
53079 efrac 20 20
53081 efrac 20 20
53195 efrac 20 20
53196 efrac 20 20
53513 efrac 20 20
53517 efrac 20 20
53530 efrac 20 20
53531 efrac 20 20
53532 efrac 20 20
53571 efrac 20 20
53586 efrac 20 20
53590 efrac 20 20